410
Open 50
 25.064046 25.971123 26.8782 27.785277 28.692354 29.599431 30.506508 31.413585 32.320662 33.227739 34.134816 35.041893 35.94897 36.856047 37.763124 38.670201 39.577278 40.484355 41.391432 42.298509 43.205585 44.112662 45.019739 45.926816 46.833893 47.74097 48.648047 49.555124 50.462201 51.369278 52.276355 53.183432 54.090509 54.997586 55.904663 56.81174 57.718817 58.625894 59.532971 60.440048 61.347125 62.254201 63.161278 64.068355 64.975432 65.882509 66.789586 67.696663 68.60374 69.510817 
 0.083092 0.118291 0.169085 0.323686 0.635906 0.548792 0.877833 1.0 0.383186 0.187182 0.112753 0.075813 0.054585 0.041225 0.031611 0.021924 0.016615 0.008447 7.2e-05 0.0 0.0 0.0 0.0 0.0 0.0 0.0 0.0 0.0 0.0 0.0 0.0 0.0 0.0 0.0 0.0 0.0 0.0 0.0 0.0 0.0 0.0 0.0 0.0 0.0 0.0 0.0 0.0 0.0 0.0 0.0 
 0.020533 0.02888 0.036639 0.047792 0.065136 0.094538 0.151677 0.295107 0.759805 0.957785 1.0 0.637926 0.259631 0.140222 0.08963 0.062692 0.046471 0.035889 0.028346 0.018701 0.010673 0.002955 6.4e-05 0.0 0.0 0.0 0.0 0.0 0.0 0.0 0.0 0.0 0.0 0.0 0.0 0.0 0.0 0.0 0.0 0.0 0.0 0.0 0.0 0.0 0.0 0.0 0.0 0.0 0.0 0.0 
 9.5e-05 0.000439 0.005278 0.012817 0.020971 0.032449 0.043011 0.05602 0.076354 0.111454 0.184567 0.34357 0.793183 1.0 0.996816 0.921431 0.479186 0.21223 0.126375 0.085165 0.06169 0.046789 0.036549 0.024809 0.015611 0.007178 0.00116 0.0 0.0 0.0 0.0 0.0 0.0 0.0 0.0 0.0 0.0 0.0 0.0 0.0 0.0 0.0 0.0 0.0 0.0 0.0 0.0 0.0 0.0 0.0 
 0.0 0.0 0.0 0.0 0.0 0.0 0.001401 0.005806 0.014215 0.022555 0.030073 0.038898 0.051467 0.07162 0.107527 0.184347 0.43182 0.806663 1.0 0.740369 0.430053 0.206814 0.111454 0.072683 0.051739 0.038896 0.030382 0.022429 0.01433 0.005782 0.001731 0.000221 0.0 0.0 0.0 0.0 0.0 0.0 0.0 0.0 0.0 0.0 0.0 0.0 0.0 0.0 0.0 0.0 0.0 0.0 
 0.0 0.0 0.0 0.0 0.0 0.0 0.0 0.0 0.0 9e-06 1.2e-05 0.000742 0.003599 0.010858 0.018667 0.027815 0.039598 0.051287 0.069432 0.100741 0.160988 0.335276 0.636679 0.986697 1.0 0.844604 0.730953 0.30138 0.162569 0.104146 0.073157 0.054504 0.041271 0.030302 0.018111 0.010594 0.004886 0.0 0.0 0.0 0.0 0.0 0.0 0.0 0.0 0.0 0.0 0.0 0.0 0.0 
 0.0 0.0 0.0 0.0 0.0 0.0 0.0 0.0 0.0 0.0 0.0 0.0 0.0 0.0 0.0 5e-06 1.5e-05 0.001802 0.006395 0.012998 0.022704 0.034144 0.043392 0.057169 0.079228 0.118722 0.203075 0.452719 0.701055 0.873356 1.0 0.782683 0.29153 0.153217 0.096163 0.066493 0.04891 0.037563 0.028174 0.019633 0.011961 0.00484 0.0 0.0 0.0 0.0 0.0 0.0 0.0 0.0 
 0.0 0.0 0.0 0.0 0.0 0.0 0.0 0.0 0.0 0.0 0.0 0.0 0.0 0.0 0.0 0.0 0.0 0.0 0.0 0.0 4e-06 0.000315 0.004412 0.012287 0.021148 0.03285 0.041359 0.053763 0.072973 0.105424 0.16855 0.331095 0.714049 0.988296 1.0 0.910538 0.323432 0.167843 0.104489 0.071833 0.052611 0.040274 0.031151 0.021782 0.013271 0.005733 0.0 0.0 0.0 0.0 
 0.0 0.0 0.0 0.0 0.0 0.0 0.0 0.0 0.0 0.0 0.0 0.0 0.0 0.0 0.0 0.0 0.0 0.0 0.0 0.0 0.0 0.0 0.0 0.0 0.0 0.000431 0.008205 0.01557 0.025968 0.036299 0.046151 0.060755 0.083869 0.12408 0.20556 0.431519 1.0 0.976861 0.997137 0.621898 0.242974 0.136818 0.089218 0.063205 0.04728 0.036769 0.028581 0.017225 0.009732 0.002322 
 0.0 0.0 0.0 0.0 0.0 0.0 0.0 0.0 0.0 0.0 0.0 0.0 0.0 0.0 0.0 0.0 0.0 0.0 0.0 0.0 0.0 0.0 0.0 0.0 0.0 0.0 0.0 0.0 0.0 0.001958 0.008732 0.016421 0.024874 0.035282 0.04551 0.060518 0.084847 0.128921 0.225774 0.563522 0.98779 1.0 0.835111 0.654053 0.272318 0.146215 0.094076 0.06633 0.049539 0.038517 
 0.0 0.0 0.0 0.0 0.0 0.0 0.0 0.0 0.0 0.0 0.0 0.0 0.0 0.0 0.0 0.0 0.0 0.0 0.0 0.0 0.0 0.0 0.0 0.0 0.0 0.0 0.0 0.0 0.0 0.0 0.0 0.0 0.0 0.0 0.005861 0.013894 0.020271 0.030958 0.043917 0.05903 0.07971 0.114429 0.180939 0.342269 0.860893 1.0 0.782206 0.861475 0.75426 0.43737 
 High 50
 26.226308 27.115583 28.004857 28.894131 29.783406 30.67268 31.561955 32.451229 33.340504 34.229778 35.119053 36.008327 36.897602 37.786876 38.676151 39.565425 40.4547 41.343974 42.233249 43.122523 44.011798 44.901072 45.790347 46.679621 47.568896 48.45817 49.347445 50.236719 51.125994 52.015268 52.904543 53.793817 54.683092 55.572366 56.46164 57.350915 58.240189 59.129464 60.018738 60.908013 61.797287 62.686562 63.575836 64.465111 65.354385 66.24366 67.132934 68.022209 68.911483 69.800758 
 0.102213 0.138087 0.259479 0.552283 0.527087 0.9276 1.0 0.401129 0.187423 0.111551 0.074652 0.053413 0.040327 0.031003 0.021799 0.016703 0.00807 0.00039 0.0 0.0 0.0 0.0 0.0 0.0 0.0 0.0 0.0 0.0 0.0 0.0 0.0 0.0 0.0 0.0 0.0 0.0 0.0 0.0 0.0 0.0 0.0 0.0 0.0 0.0 0.0 0.0 0.0 0.0 0.0 0.0 
 0.02892 0.036786 0.047878 0.065056 0.093989 0.149427 0.283027 0.77976 0.952357 1.0 0.758867 0.298736 0.156089 0.09817 0.067994 0.050069 0.038486 0.030543 0.020067 0.012255 0.004219 0.000105 0.0 0.0 0.0 0.0 0.0 0.0 0.0 0.0 0.0 0.0 0.0 0.0 0.0 0.0 0.0 0.0 0.0 0.0 0.0 0.0 0.0 0.0 0.0 0.0 0.0 0.0 0.0 0.0 
 6e-06 0.002333 0.010468 0.016177 0.025645 0.035912 0.046169 0.06173 0.087217 0.134089 0.239523 0.541694 1.0 0.853646 0.84419 0.579167 0.222269 0.124547 0.081344 0.057798 0.043369 0.033819 0.025418 0.01419 0.007729 0.002662 0.0 0.0 0.0 0.0 0.0 0.0 0.0 0.0 0.0 0.0 0.0 0.0 0.0 0.0 0.0 0.0 0.0 0.0 0.0 0.0 0.0 0.0 0.0 0.0 
 0.0 0.0 0.0 0.0 0.0 0.000346 0.004496 0.010773 0.021227 0.029189 0.037362 0.04872 0.0664 0.096477 0.155567 0.313471 0.664276 0.912642 1.0 0.58429 0.296078 0.156381 0.094674 0.064537 0.047131 0.03605 0.02794 0.019154 0.011206 0.003991 0.000908 0.0 0.0 0.0 0.0 0.0 0.0 0.0 0.0 0.0 0.0 0.0 0.0 0.0 0.0 0.0 0.0 0.0 0.0 0.0 
 0.0 0.0 0.0 0.0 0.0 0.0 0.0 0.0 0.0 0.0 2e-06 0.001128 0.004138 0.013556 0.02039 0.029537 0.041636 0.055056 0.075032 0.109515 0.180192 0.384146 0.675181 1.0 0.780596 0.785929 0.632869 0.288816 0.145569 0.091781 0.064097 0.047618 0.035869 0.025915 0.015188 0.009523 0.004211 0.000325 0.0 0.0 0.0 0.0 0.0 0.0 0.0 0.0 0.0 0.0 0.0 0.0 
 0.0 0.0 0.0 0.0 0.0 0.0 0.0 0.0 0.0 0.0 0.0 0.0 0.0 0.0 0.0 1e-06 4e-06 0.000773 0.005904 0.010555 0.019823 0.029926 0.039777 0.051928 0.071014 0.104111 0.171508 0.3484 0.713407 0.846706 1.0 0.788252 0.39762 0.177861 0.106783 0.072388 0.052664 0.04017 0.031027 0.020857 0.012819 0.005445 0.000988 0.0 0.0 0.0 0.0 0.0 0.0 0.0 
 0.0 0.0 0.0 0.0 0.0 0.0 0.0 0.0 0.0 0.0 0.0 0.0 0.0 0.0 0.0 0.0 0.0 0.0 0.0 0.0 2e-06 1e-05 0.00225 0.006781 0.012885 0.022617 0.034584 0.044011 0.058104 0.080791 0.121716 0.211683 0.53469 0.723777 0.836876 1.0 0.799012 0.281074 0.150716 0.095714 0.066708 0.049354 0.038076 0.027334 0.019045 0.011939 0.00405 0.0 0.0 0.0 
 0.0 0.0 0.0 0.0 0.0 0.0 0.0 0.0 0.0 0.0 0.0 0.0 0.0 0.0 0.0 0.0 0.0 0.0 0.0 0.0 0.0 0.0 0.0 0.0 0.0 2e-06 0.001439 0.006518 0.014595 0.023478 0.030845 0.039447 0.052348 0.07312 0.110333 0.190501 0.456426 0.788472 1.0 0.8092 0.414659 0.18475 0.10936 0.073202 0.052704 0.039861 0.031245 0.023146 0.014971 0.00654 
 0.0 0.0 0.0 0.0 0.0 0.0 0.0 0.0 0.0 0.0 0.0 0.0 0.0 0.0 0.0 0.0 0.0 0.0 0.0 0.0 0.0 0.0 0.0 0.0 0.0 0.0 0.0 0.0 0.0 1.2e-05 0.005463 0.012925 0.020539 0.029618 0.04195 0.054465 0.073827 0.106446 0.169142 0.321872 0.933586 1.0 0.944939 0.819221 0.599699 0.231763 0.132205 0.087508 0.062821 0.047523 
 0.0 0.0 0.0 0.0 0.0 0.0 0.0 0.0 0.0 0.0 0.0 0.0 0.0 0.0 0.0 0.0 0.0 0.0 0.0 0.0 0.0 0.0 0.0 0.0 0.0 0.0 0.0 0.0 0.0 0.0 0.0 0.0 0.0 0.0 0.000213 0.007604 0.013949 0.022707 0.034644 0.046495 0.060681 0.08286 0.120838 0.196005 0.393688 0.955851 0.909364 1.0 0.994693 0.60952 
 Low 50
 23.393668 24.3199 25.246133 26.172365 27.098597 28.024829 28.951062 29.877294 30.803526 31.729758 32.655991 33.582223 34.508455 35.434687 36.36092 37.287152 38.213384 39.139616 40.065849 40.992081 41.918313 42.844545 43.770778 44.69701 45.623242 46.549474 47.475707 48.401939 49.328171 50.254403 51.180636 52.106868 53.0331 53.959332 54.885565 55.811797 56.738029 57.664261 58.590494 59.516726 60.442958 61.36919 62.295423 63.221655 64.147887 65.074119 66.000352 66.926584 67.852816 68.779048 
 0.089161 0.128213 0.165163 0.243615 0.412411 1.0 0.907204 0.87682 0.314478 0.161936 0.100499 0.068835 0.050007 0.037833 0.029508 0.022895 0.011035 0.006143 0.0 0.0 0.0 0.0 0.0 0.0 0.0 0.0 0.0 0.0 0.0 0.0 0.0 0.0 0.0 0.0 0.0 0.0 0.0 0.0 0.0 0.0 0.0 0.0 0.0 0.0 0.0 0.0 0.0 0.0 0.0 0.0 
 0.023619 0.031754 0.040639 0.053959 0.075366 0.113448 0.193554 0.436461 1.0 0.877752 0.811016 0.498461 0.208553 0.120929 0.080236 0.05751 0.043386 0.033959 0.025715 0.01424 0.007855 0.001532 0.0 0.0 0.0 0.0 0.0 0.0 0.0 0.0 0.0 0.0 0.0 0.0 0.0 0.0 0.0 0.0 0.0 0.0 0.0 0.0 0.0 0.0 0.0 0.0 0.0 0.0 0.0 0.0 
 0.0 0.003113 0.010876 0.015308 0.025312 0.036745 0.050092 0.066715 0.093939 0.144235 0.259316 0.700197 1.0 0.764459 0.967355 0.785471 0.473329 0.1984 0.11771 0.079808 0.058274 0.044657 0.029829 0.018558 0.013189 0.006044 0.001662 0.0 0.0 0.0 0.0 0.0 0.0 0.0 0.0 0.0 0.0 0.0 0.0 0.0 0.0 0.0 0.0 0.0 0.0 0.0 0.0 0.0 0.0 0.0 
 0.0 0.0 0.0 0.0 0.0 0.0 0.001336 0.003927 0.009118 0.017639 0.02731 0.035551 0.046855 0.064022 0.09397 0.1569 0.365382 0.537395 0.812366 1.0 0.790807 0.37814 0.19624 0.110477 0.073786 0.053334 0.040532 0.030091 0.022112 0.013999 0.005394 0.000877 0.000205 0.0 0.0 0.0 0.0 0.0 0.0 0.0 0.0 0.0 0.0 0.0 0.0 0.0 0.0 0.0 0.0 0.0 
 0.0 0.0 0.0 0.0 0.0 0.0 0.0 0.0 0.0 0.0 1e-06 1e-06 0.001444 0.004875 0.011713 0.019839 0.030176 0.0409 0.053439 0.073228 0.107869 0.18068 0.408637 0.713381 0.997803 1.0 0.891516 0.607941 0.263617 0.149588 0.098408 0.070281 0.052945 0.039877 0.028024 0.017301 0.009905 0.002718 0.0 0.0 0.0 0.0 0.0 0.0 0.0 0.0 0.0 0.0 0.0 0.0 
 0.0 0.0 0.0 0.0 0.0 0.0 0.0 0.0 0.0 0.0 0.0 0.0 0.0 0.0 0.0 0.0 1e-06 4e-06 0.002226 0.007257 0.014713 0.024461 0.034632 0.044243 0.058681 0.08202 0.124269 0.217643 0.494681 0.809103 1.0 0.966258 0.665177 0.260511 0.143476 0.092565 0.065179 0.048569 0.037669 0.028015 0.018705 0.009754 0.003262 0.0 0.0 0.0 0.0 0.0 0.0 0.0 
 0.0 0.0 0.0 0.0 0.0 0.0 0.0 0.0 0.0 0.0 0.0 0.0 0.0 0.0 0.0 0.0 0.0 0.0 0.0 0.0 0.0 0.0 0.000781 0.0045 0.010635 0.020233 0.029813 0.037654 0.04917 0.067207 0.098285 0.161264 0.348775 0.709388 0.92389 1.0 0.651014 0.242505 0.132373 0.084775 0.059352 0.044028 0.034028 0.025628 0.01735 0.010424 0.00293 0.0 0.0 0.0 
 0.0 0.0 0.0 0.0 0.0 0.0 0.0 0.0 0.0 0.0 0.0 0.0 0.0 0.0 0.0 0.0 0.0 0.0 0.0 0.0 0.0 0.0 0.0 0.0 0.0 0.0 0.001179 0.007947 0.016402 0.024823 0.033476 0.042831 0.056861 0.079431 0.119717 0.205412 0.478089 0.885961 1.0 0.834387 0.448625 0.196991 0.116299 0.077808 0.056022 0.04238 0.033231 0.024784 0.015506 0.006741 
 0.0 0.0 0.0 0.0 0.0 0.0 0.0 0.0 0.0 0.0 0.0 0.0 0.0 0.0 0.0 0.0 0.0 0.0 0.0 0.0 0.0 0.0 0.0 0.0 0.0 0.0 0.0 0.0 0.0 1e-06 0.003705 0.011732 0.019769 0.028562 0.037842 0.049066 0.06633 0.095127 0.149486 0.277083 0.737089 1.0 0.869894 0.677307 0.377233 0.167867 0.100616 0.068143 0.04954 0.037767 
 0.0 0.0 0.0 0.0 0.0 0.0 0.0 0.0 0.0 0.0 0.0 0.0 0.0 0.0 0.0 0.0 0.0 0.0 0.0 0.0 0.0 0.0 0.0 0.0 0.0 0.0 0.0 0.0 0.0 0.0 0.0 0.0 0.0 0.0 0.006025 0.012745 0.02015 0.029427 0.04187 0.058338 0.07861 0.112605 0.177741 0.336305 0.979454 1.0 0.95699 0.912794 0.794598 0.551934 
 Close 50
 23.776889 24.701585 25.626281 26.550977 27.475673 28.40037 29.325066 30.249762 31.174458 32.099154 33.02385 33.948546 34.873242 35.797938 36.722635 37.647331 38.572027 39.496723 40.421419 41.346115 42.270811 43.195507 44.120204 45.0449 45.969596 46.894292 47.818988 48.743684 49.66838 50.593076 51.517773 52.442469 53.367165 54.291861 55.216557 56.141253 57.065949 57.990645 58.915342 59.840038 60.764734 61.68943 62.614126 63.538822 64.463518 65.388214 66.31291 67.237607 68.162303 69.086999 
 0.050698 0.059651 0.094793 0.139183 0.225153 0.513756 0.493556 0.796546 1.0 0.439681 0.190456 0.110003 0.072411 0.051371 0.038371 0.029574 0.020986 0.015881 0.009313 0.000803 0.0 0.0 0.0 0.0 0.0 0.0 0.0 0.0 0.0 0.0 0.0 0.0 0.0 0.0 0.0 0.0 0.0 0.0 0.0 0.0 0.0 0.0 0.0 0.0 0.0 0.0 0.0 0.0 0.0 0.0 
 0.01078 0.018667 0.02803 0.035558 0.046143 0.062439 0.08965 0.141084 0.262077 0.703583 1.0 0.967033 0.758591 0.304326 0.158479 0.099586 0.068953 0.050768 0.039021 0.030966 0.021101 0.011591 0.0045 0.000114 0.0 0.0 0.0 0.0 0.0 0.0 0.0 0.0 0.0 0.0 0.0 0.0 0.0 0.0 0.0 0.0 0.0 0.0 0.0 0.0 0.0 0.0 0.0 0.0 0.0 0.0 
 0.0 0.0 1e-06 0.00243 0.010599 0.016559 0.026308 0.035407 0.045619 0.061158 0.086696 0.133856 0.240509 0.585068 1.0 0.809526 0.816243 0.442351 0.187199 0.109537 0.073108 0.052621 0.039823 0.031247 0.023199 0.012447 0.006757 0.001303 0.0 0.0 0.0 0.0 0.0 0.0 0.0 0.0 0.0 0.0 0.0 0.0 0.0 0.0 0.0 0.0 0.0 0.0 0.0 0.0 0.0 0.0 
 0.0 0.0 0.0 0.0 0.0 0.0 0.0 0.00147 0.006907 0.014727 0.024544 0.032311 0.04179 0.055354 0.077142 0.116056 0.199519 0.476062 0.833904 1.0 0.826696 0.431005 0.212805 0.115045 0.075211 0.053608 0.040328 0.031512 0.023596 0.014931 0.006245 0.001438 0.00025 0.0 0.0 0.0 0.0 0.0 0.0 0.0 0.0 0.0 0.0 0.0 0.0 0.0 0.0 0.0 0.0 0.0 
 0.0 0.0 0.0 0.0 0.0 0.0 0.0 0.0 0.0 0.0 0.0 0.0 0.000811 0.003555 0.010739 0.018836 0.027876 0.03837 0.049789 0.067517 0.09774 0.158268 0.336952 0.585761 1.0 0.96609 0.813008 0.588499 0.262153 0.143661 0.092734 0.065431 0.048875 0.037154 0.027263 0.016887 0.009345 0.003717 0.0 0.0 0.0 0.0 0.0 0.0 0.0 0.0 0.0 0.0 0.0 0.0 
 0.0 0.0 0.0 0.0 0.0 0.0 0.0 0.0 0.0 0.0 0.0 0.0 0.0 0.0 0.0 0.0 0.0 1e-06 0.001994 0.006334 0.013176 0.022178 0.034017 0.043247 0.057008 0.079058 0.118507 0.204425 0.462331 0.78159 0.963273 1.0 0.813344 0.2971 0.158727 0.100711 0.070175 0.051917 0.040057 0.030073 0.020257 0.011196 0.004675 0.0 0.0 0.0 0.0 0.0 0.0 0.0 
 0.0 0.0 0.0 0.0 0.0 0.0 0.0 0.0 0.0 0.0 0.0 0.0 0.0 0.0 0.0 0.0 0.0 0.0 0.0 0.0 0.0 0.0 4e-06 0.00407 0.010585 0.019582 0.030997 0.038915 0.05039 0.068007 0.097336 0.152625 0.282656 0.699831 0.858396 0.990788 1.0 0.405209 0.203612 0.124209 0.084203 0.061043 0.046368 0.036454 0.025791 0.01736 0.008331 0.0 0.0 0.0 
 0.0 0.0 0.0 0.0 0.0 0.0 0.0 0.0 0.0 0.0 0.0 0.0 0.0 0.0 0.0 0.0 0.0 0.0 0.0 0.0 0.0 0.0 0.0 0.0 0.0 0.0 8e-06 0.00576 0.012476 0.021343 0.032356 0.040837 0.053245 0.072534 0.105203 0.168382 0.323339 0.880175 1.0 0.98584 0.764103 0.287295 0.1542 0.097973 0.068279 0.0505 0.038946 0.030978 0.019466 0.011218 
 0.0 0.0 0.0 0.0 0.0 0.0 0.0 0.0 0.0 0.0 0.0 0.0 0.0 0.0 0.0 0.0 0.0 0.0 0.0 0.0 0.0 0.0 0.0 0.0 0.0 0.0 0.0 0.0 0.0 0.0 0.000247 0.008786 0.01475 0.023593 0.033922 0.044526 0.05857 0.080794 0.119451 0.1976 0.409481 1.0 0.836049 0.849995 0.763348 0.364161 0.171719 0.104822 0.071665 0.052421 
 0.0 0.0 0.0 0.0 0.0 0.0 0.0 0.0 0.0 0.0 0.0 0.0 0.0 0.0 0.0 0.0 0.0 0.0 0.0 0.0 0.0 0.0 0.0 0.0 0.0 0.0 0.0 0.0 0.0 0.0 0.0 0.0 0.0 0.0 0.000121 0.003242 0.01034 0.015735 0.026106 0.036825 0.047428 0.063615 0.090429 0.140945 0.263224 0.658439 0.935072 0.829909 1.0 0.686797 
 output 50
 23.776889 24.701585 25.626281 26.550977 27.475673 28.40037 29.325066 30.249762 31.174458 32.099154 33.02385 33.948546 34.873242 35.797938 36.722635 37.647331 38.572027 39.496723 40.421419 41.346115 42.270811 43.195507 44.120204 45.0449 45.969596 46.894292 47.818988 48.743684 49.66838 50.593076 51.517773 52.442469 53.367165 54.291861 55.216557 56.141253 57.065949 57.990645 58.915342 59.840038 60.764734 61.68943 62.614126 63.538822 64.463518 65.388214 66.31291 67.237607 68.162303 69.086999 
 0.048549 0.056707 0.090271 0.131785 0.211043 0.475331 0.445353 0.782532 1.0 0.474712 0.19695 0.112022 0.073143 0.051626 0.038425 0.029539 0.021098 0.016247 0.009647 0.001151 0.0 0.0 0.0 0.0 0.0 0.0 0.0 0.0 0.0 0.0 0.0 0.0 0.0 0.0 0.0 0.0 0.0 0.0 0.0 0.0 0.0 0.0 0.0 0.0 0.0 0.0 0.0 0.0 0.0 0.0 
 0.010078 0.017875 0.027087 0.034312 0.044416 0.059898 0.085569 0.133576 0.244415 0.65775 1.0 0.974226 0.765595 0.306309 0.159127 0.099829 0.069039 0.050785 0.039005 0.030935 0.021393 0.011751 0.004562 0.000115 0.0 0.0 0.0 0.0 0.0 0.0 0.0 0.0 0.0 0.0 0.0 0.0 0.0 0.0 0.0 0.0 0.0 0.0 0.0 0.0 0.0 0.0 0.0 0.0 0.0 0.0 
 0.0 0.0 1e-06 0.00243 0.0106 0.016559 0.026309 0.035407 0.04562 0.061159 0.086699 0.133863 0.24053 0.585075 1.0 0.809524 0.816235 0.442337 0.187195 0.109535 0.073107 0.052621 0.039823 0.031247 0.023199 0.012446 0.006757 0.001303 0.0 0.0 0.0 0.0 0.0 0.0 0.0 0.0 0.0 0.0 0.0 0.0 0.0 0.0 0.0 0.0 0.0 0.0 0.0 0.0 0.0 0.0 
 0.0 0.0 0.0 0.0 0.0 0.0 0.0 0.00147 0.006907 0.014727 0.024544 0.032311 0.04179 0.055354 0.077142 0.116056 0.199519 0.476062 0.833904 1.0 0.826696 0.431005 0.212805 0.115045 0.075211 0.053608 0.040328 0.031512 0.023596 0.014931 0.006245 0.001438 0.00025 0.0 0.0 0.0 0.0 0.0 0.0 0.0 0.0 0.0 0.0 0.0 0.0 0.0 0.0 0.0 0.0 0.0 
 0.0 0.0 0.0 0.0 0.0 0.0 0.0 0.0 0.0 0.0 0.0 0.0 0.000811 0.003555 0.010739 0.018836 0.027876 0.03837 0.049789 0.067517 0.09774 0.158269 0.336951 0.585761 1.0 0.966094 0.813023 0.588564 0.262181 0.143674 0.092741 0.065436 0.048878 0.037156 0.027265 0.016889 0.009346 0.003718 0.0 0.0 0.0 0.0 0.0 0.0 0.0 0.0 0.0 0.0 0.0 0.0 
 0.0 0.0 0.0 0.0 0.0 0.0 0.0 0.0 0.0 0.0 0.0 0.0 0.0 0.0 0.0 0.0 0.0 1e-06 0.001994 0.006334 0.013175 0.022177 0.034016 0.043246 0.057006 0.079054 0.118497 0.204395 0.462308 0.781565 0.963252 1.0 0.813385 0.297104 0.158727 0.100711 0.070174 0.051916 0.040057 0.030073 0.020257 0.011196 0.004675 0.0 0.0 0.0 0.0 0.0 0.0 0.0 
 0.0 0.0 0.0 0.0 0.0 0.0 0.0 0.0 0.0 0.0 0.0 0.0 0.0 0.0 0.0 0.0 0.0 0.0 0.0 0.0 0.0 0.0 2e-06 0.004443 0.011016 0.019958 0.031457 0.039532 0.051259 0.069307 0.099462 0.156619 0.292289 0.725922 0.867152 0.984289 1.0 0.402941 0.202971 0.124015 0.084165 0.061065 0.046414 0.036509 0.025686 0.017233 0.008196 0.0 0.0 0.0 
 0.0 0.0 0.0 0.0 0.0 0.0 0.0 0.0 0.0 0.0 0.0 0.0 0.0 0.0 0.0 0.0 0.0 0.0 0.0 0.0 0.0 0.0 0.0 0.0 0.0 0.0 8e-06 0.00576 0.012476 0.021344 0.032357 0.040839 0.053247 0.072537 0.105209 0.168396 0.323401 0.880196 1.0 0.985835 0.764099 0.287292 0.1542 0.097973 0.068279 0.0505 0.038947 0.030977 0.019465 0.011218 
 0.0 0.0 0.0 0.0 0.0 0.0 0.0 0.0 0.0 0.0 0.0 0.0 0.0 0.0 0.0 0.0 0.0 0.0 0.0 0.0 0.0 0.0 0.0 0.0 0.0 0.0 0.0 0.0 0.0 0.0 0.000246 0.008786 0.014749 0.023592 0.033922 0.044526 0.058569 0.080794 0.11945 0.197597 0.409476 1.0 0.83605 0.85 0.76338 0.364174 0.171725 0.104825 0.071667 0.052423 
 0.0 0.0 0.0 0.0 0.0 0.0 0.0 0.0 0.0 0.0 0.0 0.0 0.0 0.0 0.0 0.0 0.0 0.0 0.0 0.0 0.0 0.0 0.0 0.0 0.0 0.0 0.0 0.0 0.0 0.0 0.0 0.0 0.0 0.0 0.000113 0.003232 0.010329 0.015721 0.026088 0.036801 0.047392 0.063559 0.090327 0.140712 0.262292 0.658127 0.93497 0.829869 1.0 0.686796 
 