predicted vs actual output
29.82  28.35
29.70  28.34
29.80  28.66
29.70  28.37
29.70  28.26
29.65  28.27
29.57  28.25
29.72  28.36
29.66  28.46
29.54  28.46
29.55  28.48
29.56  29.12
29.54  30.20
29.65  30.11
29.62  30.19
29.68  30.35
29.94  29.91
30.49  29.97
30.78  30.11
30.99  30.20
31.14  30.03
31.11  30.26
30.95  30.45
30.94  30.84
31.00  31.01
31.02  30.56
31.09  30.92
31.18  29.85
31.43  30.34
31.65  30.34
31.59  30.65
31.61  31.44
31.30  32.00
31.15  31.88
31.15  31.82
31.32  32.06
31.75  32.50
32.22  32.82
32.44  32.90
32.53  32.88
32.62  32.59
32.93  32.38
33.13  32.54
33.36  32.10
33.47  32.11
33.49  31.82
33.31  30.99
33.22  30.80
33.07  30.94
32.76  30.50
32.69  30.54
32.04  30.41
31.66  30.81
31.53  30.91
31.40  29.77
31.24  30.24
31.21  30.33
31.40  31.00
31.58  31.09
31.20  30.47
31.04  30.90
30.93  30.08
31.35  30.60
31.62  30.77
31.54  31.37
31.58  31.21
31.29  31.34
31.28  31.59
31.46  30.77
31.83  31.13
31.96  31.01
32.08  31.09
32.24  31.48
32.02  31.50
31.90  31.40
31.89  31.52
31.78  32.19
32.03  32.90
32.19  32.45
32.20  30.97
32.26  30.98
32.60  31.39
33.06  31.55
33.22  31.48
32.63  32.57
31.96  32.53
32.01  32.24
32.05  31.92
32.18  31.78
32.70  32.14
33.05  32.58
33.14  32.28
32.97  31.73
32.77  31.50
32.84  31.26
33.04  30.35
33.02  30.80
32.91  31.46
32.54  31.39
32.19  30.78
31.59  30.86
31.30  31.25
31.70  31.48
31.96  31.18
31.84  31.04
31.79  31.09
31.87  31.17
32.11  31.27
32.11  31.12
32.02  31.03
31.84  32.12
31.89  32.02
31.96  31.21
31.99  31.30
31.87  31.27
32.37  31.72
32.62  31.63
32.31  31.46
32.15  31.26
32.11  31.20
32.21  31.68
32.29  31.87
32.33  31.91
32.24  32.51
32.11  32.48
32.20  32.74
32.41  32.74
32.56  32.84
32.84  33.16
33.01  33.31
33.18  33.51
33.28  33.21
33.41  33.09
33.59  33.17
33.78  33.23
33.97  33.05
34.02  33.23
33.88  33.12
33.89  33.12
33.92  33.36
33.91  33.18
33.86  33.36
33.84  33.17
33.84  33.17
33.97  32.94
33.98  33.16
34.04  33.27
33.97  33.50
33.91  33.76
33.83  33.73
33.83  34.08
33.87  34.27
34.19  34.13
34.31  33.98
34.44  34.33
34.62  34.39
34.81  34.08
34.85  34.11
34.78  34.34
34.87  34.48
35.01  34.46
34.97  33.89
34.89  33.70
34.98  34.19
35.03  34.03
35.07  34.11
34.93  33.93
34.65  34.35
34.78  34.49
34.83  34.81
34.85  34.79
34.79  34.76
34.93  34.91
35.14  35.10
35.33  34.96
35.48  35.40
35.45  36.73
35.52  36.93
35.65  37.09
35.62  37.51
35.87  37.79
36.54  37.09
36.97  36.90
37.33  36.41
37.75  36.86
38.10  36.56
37.99  36.33
37.84  36.43
37.56  37.01
37.53  36.84
37.62  36.71
37.33  36.46
37.35  36.68
37.65  36.54
37.53  35.80
37.75  35.99
37.47  34.22
37.47  32.66
37.26  35.07
37.06  35.05
36.94  37.06
35.93  36.34
33.60  35.19
33.92  33.67
35.39  33.34
36.71  31.63
36.81  28.36
36.25  30.74
34.72  27.30
34.36  30.41
32.52  29.30
27.88  28.16
26.47  25.76
25.99  23.31
26.79  26.56
28.16  27.83
28.70  30.02
28.01  29.69
27.41  31.82
28.44  30.38
28.71  29.53
29.86  30.07
30.36  30.47
31.46  32.51
31.69  32.30
31.09  33.32
31.13  34.53
31.26  33.05
32.27  34.42
33.00  33.92
33.40  34.66
34.12  35.60
33.98  35.13
34.37  33.69
34.34  33.48
34.79  33.23
35.54  33.80
35.70  35.72
35.15  35.59
34.84  35.71
34.45  35.09
34.28  34.12
35.43  33.96
36.13  34.82
36.41  33.80
36.04  34.34
35.26  34.43
34.78  34.96
35.19  34.72
35.09  34.84
35.17  35.03
35.37  35.86
35.41  36.78
35.63  36.04
35.59  36.71
35.53  36.48
36.03  36.91
36.91  37.21
36.91  36.86
37.13  37.24
37.10  37.91
37.36  38.04
37.89  38.16
37.82  38.19
38.00  37.74
38.30  38.37
38.66  38.81
38.80  38.43
38.97  38.40
38.72  36.39
38.92  37.00
39.30  37.71
39.26  38.08
39.28  37.96
38.32  38.33
37.95  38.18
37.98  38.46
38.71  38.11
38.91  37.04
39.03  38.14
39.36  37.21
39.28  37.77
39.27  38.39
38.57  38.80
38.64  38.58
38.47  38.90
38.60  38.71
38.93  39.10
39.43  38.81
39.73  39.48
39.82  39.52
39.67  40.10
39.82  40.75
39.80  40.82
40.02  41.27
40.49  42.19
40.66  42.09
41.26  43.09
41.42  42.22
41.80  41.95
42.28  41.94
42.53  41.17
43.24  42.09
43.24  41.74
42.93  42.19
42.97  41.88
42.52  41.67
42.93  41.89
42.82  41.99
43.18  42.69
43.29  42.26
43.06  41.92
43.04  41.90
43.04  41.86
43.34  41.53
43.46  41.87
43.29  41.79
43.30  41.73
43.01  41.92
42.86  41.74
42.92  42.28
42.97  41.80
43.04  42.59
43.10  42.36
43.00  42.36
43.22  43.19
43.16  43.32
43.44  44.11
43.54  42.82
43.51  41.86
43.95  40.63
44.12  41.51
44.67  40.29
44.32  40.54
43.59  40.96
42.32  41.33
42.46  41.06
41.93  40.14
41.66  39.49
42.05  39.36
42.52  39.77
42.62  38.62
41.64  39.12
41.16  40.00
40.33  40.44
40.51  39.15
40.23  39.58
40.03  39.97
40.61  39.84
41.33  40.27
40.76  39.85
40.70  39.66
40.87  40.19
40.78  40.34
41.04  40.76
41.05  40.76
40.88  41.17
41.12  41.42
41.43  41.56
41.65  41.12
41.69  41.60
42.02  42.69
42.06  41.96
42.39  41.64
42.34  41.08
42.50  40.35
43.11  39.26
43.15  39.35
42.81  39.02
42.35  39.73
41.98  40.29
40.77  41.70
40.34  42.96
39.98  42.96
40.67  41.83
41.46  41.00
42.37  41.86
43.09  40.91
43.33  40.58
43.47  40.49
42.37  40.10
42.66  39.58
42.35  40.24
42.01  40.74
41.72  40.64
41.47  41.05
40.91  41.07
41.35  41.00
41.81  41.28
41.85  41.90
42.06  41.72
42.14  40.44
42.02  40.57
42.14  41.62
42.47  41.65
42.57  40.83
41.86  40.47
41.83  40.69
42.25  40.16
42.53  41.21
42.27  41.15
41.85  41.60
41.73  41.63
41.80  41.46
42.06  42.06
42.26  41.42
42.57  41.64
42.71  41.72
42.41  41.81
42.73  42.13
42.72  42.97
42.62  42.74
42.78  42.73
42.95  43.84
43.14  44.29
43.57  44.94
43.79  45.62
43.78  45.95
44.35  46.13
44.70  46.01
45.10  45.34
45.74  46.06
46.22  46.51
46.60  45.78
46.76  45.46
46.52  46.07
46.93  45.69
47.36  45.71
47.22  45.01
46.86  43.79
47.16  44.88
47.19  46.17
46.96  46.02
46.83  46.48
45.50  46.16
45.93  46.12
46.95  46.34
47.20  46.13
47.62  46.09
47.56  45.97
47.49  46.62
47.53  46.84
47.44  46.91
47.32  46.76
47.39  45.85
47.71  45.44
47.92  45.97
48.07  45.43
48.12  44.77
47.35  45.93
46.89  45.53
46.96  44.26
47.07  44.68
46.46  46.85
47.10  46.94
46.96  47.48
46.24  46.80
46.10  46.81
47.29  46.92
47.92  47.43
48.35  47.26
48.16  46.79
47.96  47.08
48.07  47.34
48.25  47.79
48.43  47.94
48.15  47.86
48.38  47.61
48.59  48.96
48.91  49.00
49.01  47.90
49.10  47.90
48.92  49.00
49.62  49.41
49.90  49.59
49.46  48.98
49.32  49.87
49.92  50.71
50.38  50.71
50.56  51.30
50.36  51.14
50.84  51.99
51.51  52.03
51.72  51.53
51.97  51.87
52.08  51.76
52.69  51.89
52.97  52.78
52.60  51.99
52.96  52.24
52.97  51.86
53.27  52.59
53.65  52.48
53.49  52.79
53.31  53.13
53.34  53.13
53.66  53.14
53.70  53.46
54.01  53.12
54.07  51.89
54.34  51.44
54.30  52.27
54.54  53.39
54.60  53.19
53.32  52.61
52.87  52.28
53.43  53.10
54.38  53.23
54.49  53.57
54.20  53.38
53.51  53.75
54.32  53.92
54.41  54.40
54.71  53.42
54.68  54.20
54.93  54.59
55.06  55.30
55.44  54.87
55.01  54.89
55.22  54.94
55.61  54.87
56.11  56.36
56.13  57.08
56.08  57.45
56.07  57.80
56.15  58.59
57.12  57.29
57.56  58.26
58.17  58.24
58.39  58.00
59.00  57.94
58.26  58.03
58.83  57.72
59.05  57.63
58.97  57.29
59.10  57.37
59.13  57.97
58.98  57.47
58.90  57.41
58.48  56.73
58.77  57.28
58.92  58.55
58.78  58.36
58.59  58.04
57.89  58.22
58.33  58.19
59.32  57.73
59.49  58.95
59.02  60.71
59.21  60.40
59.31  61.19
58.77  60.81
59.71  60.52
61.00  60.46
61.29  60.84
61.65  60.85
61.36  61.41
61.33  61.49
61.16  61.71
61.52  61.49
61.67  61.50
62.26  61.49
62.39  61.55
62.43  61.70
62.45  61.95
62.35  62.24
62.25  62.63
62.33  61.92
62.56  60.91
62.63  61.27
62.99  61.49
63.20  62.10
62.80  62.20
62.02  62.45
61.65  62.30
62.41  63.05
62.83  63.26
63.12  63.80
63.12  64.51
63.07  64.50
63.63  64.70
64.04  64.03
64.19  64.67
64.78  64.68
64.85  64.06
65.09  63.50
64.67  63.90
64.92  64.00
65.26  63.86
64.79  63.04
64.29  62.41
64.53  62.71
64.61  63.56
64.53  63.91
63.72  64.30
62.84  63.98
63.66  62.40
64.18  63.39
64.77  63.08
64.72  63.31
64.65  61.75
63.20  63.81
63.98  63.61
64.14  64.67
63.76  64.51
63.01  64.60
64.02  64.53
64.22  64.51
65.31  65.57
65.11  66.34
65.27  66.50
65.14  68.25
64.97  65.08
66.05  64.98
66.47  65.92
66.72  65.85
67.96  65.84
66.04  66.14
65.37  67.65
66.22  68.58
65.87  68.59
66.46  69.02
66.44  68.45
67.72  69.37
68.67  69.55
68.72  69.18
69.01  68.89
68.29  67.77
69.27  67.38
69.50  68.11
69.12  68.54
69.00  69.27
68.04  68.60
67.82  68.20
68.15  67.90
68.90  67.87
69.22  67.94
69.00  68.17
68.58  66.56
68.20  68.32
68.31  66.41
67.79  65.04
68.09  65.94
66.99  65.57
68.74  64.87
67.08  67.35
66.15  67.96
66.22  66.89
66.12  67.43
65.46  67.33
67.74  65.45
68.17  66.20
67.49  66.73
67.77  65.89
67.72  65.04
65.88  66.27
66.43  66.91
67.43  67.31
66.18  68.48
65.29  68.72
66.81  68.80
67.11  68.52
67.82  68.81
68.49  66.34
68.83  64.68
68.84  63.90
68.64  64.05
68.70  63.41
67.01  61.97
65.08  63.10
64.55  63.32
63.83  61.35
63.61  60.99
62.45  60.22
62.98  59.34
64.26  58.97
62.81  57.97
61.53  57.78
60.90  57.34
60.59  55.54
60.29  56.46
59.11  57.23
57.72  58.72
57.84  59.02
57.14  59.76
57.95  58.34
57.88  58.53
59.71  58.52
60.09  58.28
60.65  58.87
59.55  58.06
59.62  56.48
59.78  56.34
59.02  57.36
60.12  57.23
59.04  56.32
58.17  56.21
57.49  55.37
58.74  55.11
58.27  55.77
57.77  56.60
57.50  56.08
56.69  55.70
56.78  56.38
55.77  56.52
57.83  56.21
57.07  55.17
57.14  54.07
57.68  55.27
57.75  54.73
57.22  54.20
56.81  54.76
55.51  55.75
56.67  56.97
55.64  57.89
55.99  58.92
56.04  58.39
56.90  58.35
57.84  57.24
58.43  57.41
59.18  57.62
58.97  58.36
58.93  59.60
58.35  59.79
58.29  58.58
58.60  59.80
59.10  59.95
60.41  59.84
60.55  60.35
60.09  60.16
60.43  60.29
60.74  59.94
60.70  59.19
60.71  59.63
60.96  58.69
61.20  58.62
60.67  59.51
60.59  56.81
60.42  55.70
60.12  54.85
59.48  54.78
60.31  53.14
58.51  52.61
57.13  53.43
56.05  51.73
55.42  51.51
54.65  51.89
53.63  52.63
54.05  50.92
53.37  50.06
52.49  48.05
52.98  47.92
53.69  47.08
52.81  47.44
51.56  48.48
49.82  48.04
49.31  48.91
48.38  46.71
48.06  47.03
49.60  48.04
49.64  48.56
50.49  48.20
49.05  48.49
48.33  49.61
49.17  51.16
49.69  51.04
49.36  50.05
49.69  50.89
50.44  50.65
51.43  50.66
51.61  50.87
51.30  50.59
51.43  50.41
51.57  49.56
51.89  48.47
51.72  48.14
51.97  49.48
51.89  49.02
51.09  49.12
49.83  50.37
49.55  50.69
50.54  52.23
50.26  52.56
50.63  52.12
51.51  51.04
51.69  50.51
52.71  50.34
53.03  51.35
52.92  51.97
52.48  51.74
51.91  51.71
51.56  51.67
52.23  52.02
52.83  51.08
53.30  50.93
53.09  50.66
53.05  51.83
53.16  51.08
52.88  52.58
52.06  55.79
51.85  57.42
52.87  56.96
52.81  56.76
53.57  57.10
55.66  57.42
56.58  59.21
56.84  59.70
56.83  59.03
56.92  58.97
57.58  59.46
58.71  60.32
59.54  60.09
59.50  60.34
59.75  60.45
60.23  61.58
60.85  61.57
60.65  62.84
61.08  63.35
61.15  63.23
62.36  63.95
62.29  63.40
63.11  61.75
63.54  61.33
63.45  60.83
64.06  61.45
63.80  61.77
62.48  60.09
62.09  59.11
61.51  59.01
62.17  58.94
62.59  59.39
61.60  59.09
60.29  60.02
60.24  61.80
60.09  62.46
59.97  62.63
60.66  63.47
60.71  61.23
62.36  61.41
62.88  60.70
63.15  60.60
63.52  60.32
61.91  58.80
62.28  58.17
61.72  57.01
61.21  56.54
61.05  56.19
60.04  56.57
59.74  57.93
58.05  56.72
57.19  56.30
57.11  57.94
57.61  59.49
58.88  59.32
58.19  59.11
57.96  57.27
58.74  57.31
60.34  57.71
59.86  57.19
60.04  58.15
58.52  54.38
58.41  56.37
58.73  56.82
58.47  55.62
58.30  56.46
56.74  57.35
57.28  58.37
58.40  60.14
57.10  59.62
57.58  60.24
58.15  61.86
59.47  61.82
60.49  61.93
60.56  60.31
60.79  61.15
61.61  61.48
61.94  61.99
62.10  64.13
61.28  63.18
61.55  65.76
62.11  65.95
62.55  65.59
64.41  64.35
64.06  64.92
65.81  64.42
66.00  65.08
65.69  65.51
65.16  66.07
65.16  66.68
64.63  66.70
65.54  65.82
65.94  65.65
66.45  68.00
67.08  68.23
67.09  68.71
66.34  67.60
66.13  66.75
67.81  64.59
68.43  63.94
68.14  62.96
67.89  64.43
67.07  64.74
65.63  63.34
64.63  61.50
63.53  60.39
64.32  60.23
66.19  59.89
64.32  61.27
62.60  60.82
61.14  61.04
60.74  60.75
60.71  60.47
61.94  61.63
61.53  61.11
62.01  61.52
61.94  61.41
61.78  60.01
62.51  61.41
61.78  62.37
62.25  62.30
62.49  62.78
61.13  62.75
62.16  63.11
63.10  63.13
63.00  62.56
63.46  60.76
63.31  61.82
63.46  62.08
63.72  61.68
63.44  58.08
61.80  59.88
62.26  60.27
62.84  59.42
62.62  59.96
58.67  59.27
59.88  60.34
60.97  60.32
60.60  59.07
60.87  59.72
60.54  59.41
61.29  58.75
61.26  59.39
60.36  59.36
60.46  58.39
60.57  58.93
60.05  58.21
60.05  58.33
60.55  56.56
59.76  56.88
59.75  56.98
59.51  56.83
59.27  56.13
58.00  55.84
57.92  55.34
58.10  55.78
57.88  56.00
57.92  55.85
57.18  54.80
56.75  54.92
56.72  54.11
57.28  52.40
57.24  51.77
56.44  52.56
56.20  51.71
55.73  53.11
54.01  52.75
53.21  52.92
54.10  54.01
52.83  52.94
53.97  52.49
54.38  53.07
54.27  53.25
55.29  52.94
54.69  54.09
53.92  54.03
54.00  54.67
54.67  54.40
54.17  54.70
55.24  54.56
55.38  54.90
55.63  54.38
55.52  54.35
55.73  54.89
55.67  55.56
55.86  55.16
55.48  55.77
55.57  55.61
56.17  57.36
56.43  56.49
