predicted vs actual output
2.03  2.06
2.00  2.27
1.85  1.82
1.78  1.82
1.85  1.75
1.75  1.83
1.56  1.42
1.75  1.78
1.65  1.77
1.41  1.54
1.52  1.59
1.67  1.64
1.68  1.73
1.75  1.82
1.65  1.69
1.64  1.80
1.76  1.62
1.79  1.88
1.77  1.86
1.67  1.51
1.38  1.37
1.64  1.70
1.70  1.71
1.61  1.53
1.68  1.84
1.05  0.56
1.28  1.54
1.27  1.27
1.34  1.36
1.21  1.30
1.24  1.22
1.31  1.18
1.37  1.43
1.29  1.34
1.27  1.28
1.28  1.28
1.25  1.20
1.13  1.05
1.14  1.11
1.15  1.30
1.16  1.07
1.14  1.21
1.11  1.10
1.00  1.12
0.96  0.88
0.90  0.87
0.89  1.07
0.88  0.98
0.78  0.73
0.80  0.99
0.81  0.86
0.83  0.78
0.90  1.03
0.89  0.93
0.95  1.11
0.92  0.80
0.97  0.92
0.95  1.14
0.99  1.22
0.97  0.96
0.93  1.02
0.75  0.78
0.86  0.98
0.80  0.85
0.73  0.62
0.72  0.71
0.73  0.81
0.63  0.61
0.66  0.71
0.69  0.84
0.58  0.64
0.53  0.51
0.47  0.48
0.50  0.64
0.45  0.54
0.42  0.63
0.41  0.52
0.38  0.44
0.36  0.48
0.34  0.28
0.35  0.36
0.35  0.37
0.34  0.45
0.33  0.38
0.30  0.28
0.29  0.31
0.29  0.32
0.30  0.31
0.28  0.28
0.27  0.38
0.25  0.34
0.23  0.14
0.23  0.18
0.23  0.45
0.23  0.19
0.23  0.22
0.22  0.21
0.22  0.23
0.21  0.18
0.21  0.17
0.21  0.21
0.21  0.26
0.20  0.22
0.19  0.15
0.18  0.17
0.18  0.24
0.17  0.15
0.18  0.14
0.15  0.12
0.14  0.18
0.15  0.14
0.14  0.23
0.13  0.20
0.13  0.13
0.12  0.11
0.13  0.16
0.12  0.14
0.12  0.17
0.12  0.09
0.12  0.10
0.12  0.11
0.12  0.11
0.13  0.08
0.13  0.16
0.13  0.14
0.13  0.15
0.13  0.13
0.13  0.10
0.14  0.12
0.13  0.11
0.14  0.19
0.13  0.11
0.13  0.15
0.14  0.15
0.14  0.12
0.15  0.19
0.15  0.16
0.16  0.21
0.17  0.08
0.19  0.22
0.18  0.29
0.18  0.26
0.19  0.22
0.21  0.22
0.22  0.30
0.23  0.19
0.25  0.34
0.27  0.21
0.29  0.35
0.31  0.40
0.33  0.31
0.37  0.32
0.39  0.42
0.39  0.42
0.41  0.41
0.41  0.43
0.42  0.49
0.44  0.43
0.46  0.60
0.47  0.46
0.49  0.38
0.51  0.61
0.54  0.48
0.61  0.68
0.68  0.62
0.79  0.85
0.86  0.84
1.00  1.03
1.13  1.18
1.22  1.41
1.31  1.30
1.36  1.44
1.59  1.87
1.68  1.91
1.70  1.76
1.75  1.79
1.91  2.05
2.06  2.19
2.14  2.51
2.05  2.13
2.22  2.38
1.99  2.16
1.89  2.00
1.95  2.23
1.87  1.85
2.39  2.60
2.83  3.04
2.00  2.00
2.03  2.18
1.78  1.87
1.51  1.49
1.39  1.52
1.32  1.13
1.40  1.34
1.52  1.65
1.60  1.72
1.64  1.58
1.52  1.68
1.51  1.49
1.50  1.60
1.59  1.64
1.56  1.66
1.65  1.81
1.59  1.61
1.55  1.79
1.48  1.51
1.54  1.69
1.58  1.68
1.90  2.00
1.51  1.53
1.58  1.69
1.54  1.56
1.70  1.94
1.63  1.69
1.85  1.88
1.61  1.50
1.81  1.75
1.83  1.96
1.73  1.79
1.29  1.22
1.58  1.69
1.36  1.41
1.34  1.38
1.17  1.32
1.16  1.17
1.26  1.38
1.47  1.61
1.15  1.16
1.30  1.37
1.42  1.37
1.39  1.61
1.50  1.58
1.41  1.57
1.47  1.47
1.70  1.82
1.45  1.12
1.70  1.92
1.33  1.41
1.30  1.29
1.31  1.46
1.30  1.30
1.32  1.29
1.46  1.78
1.43  1.30
1.32  1.28
1.40  1.44
1.54  1.57
1.59  1.75
1.62  1.66
1.64  1.69
1.57  1.57
1.64  1.73
1.64  1.75
1.61  1.69
1.77  1.81
1.88  2.10
2.02  2.06
1.55  1.59
2.11  2.25
2.64  2.65
2.00  1.91
1.65  1.81
1.56  1.79
1.61  1.69
1.63  1.72
1.65  1.59
1.76  1.88
1.90  2.10
1.75  1.71
1.64  1.67
1.95  2.08
1.79  1.87
1.57  1.75
1.52  1.58
1.78  2.08
1.81  1.70
1.85  1.69
1.98  2.31
2.00  1.98
1.89  2.03
2.01  2.11
1.86  1.86
2.06  1.93
1.99  2.02
1.78  1.96
1.98  1.98
2.06  2.27
2.18  2.30
2.02  2.03
1.96  2.14
1.93  1.91
1.85  1.91
1.83  1.94
1.65  1.72
1.54  1.55
1.72  1.94
1.73  1.99
1.43  1.35
1.67  1.74
1.67  1.68
1.50  1.56
1.76  1.89
1.94  2.05
1.55  1.45
1.80  1.77
1.70  1.71
1.62  1.81
1.55  1.48
1.52  1.61
1.49  1.58
1.55  1.36
1.52  1.59
1.60  1.80
1.62  1.55
1.62  1.60
1.71  1.61
1.84  1.96
1.44  1.51
1.32  1.38
1.30  1.39
1.28  1.14
1.29  1.41
1.30  1.32
1.31  1.41
1.30  1.36
1.23  1.36
1.23  1.16
1.17  1.30
1.14  1.03
1.10  1.05
1.11  1.25
0.99  0.93
1.04  1.09
0.97  0.96
1.02  1.13
0.93  0.97
0.82  0.97
0.78  0.73
0.76  0.81
0.80  0.84
0.85  1.07
0.92  1.08
0.95  0.91
0.97  1.00
0.91  0.88
0.90  1.13
0.99  1.02
0.96  0.98
0.84  0.77
0.90  1.10
0.82  0.84
0.85  1.23
0.85  0.84
0.74  0.89
0.66  0.72
0.68  0.77
0.64  0.53
0.59  0.62
0.53  0.74
0.47  0.26
0.50  0.63
0.47  0.54
0.45  0.49
0.45  0.47
0.40  0.42
0.39  0.42
0.40  0.44
0.37  0.43
0.36  0.40
0.36  0.48
0.34  0.45
0.35  0.40
0.34  0.33
0.31  0.32
0.33  0.42
0.31  0.33
0.29  0.26
0.28  0.32
0.27  0.32
0.26  0.22
0.25  0.36
0.24  0.31
0.24  0.21
0.24  0.25
0.23  0.20
0.23  0.31
0.23  0.18
0.22  0.27
0.22  0.18
0.21  0.25
0.21  0.23
0.21  0.27
0.20  0.19
0.20  0.21
0.20  0.08
0.19  0.17
0.19  0.26
0.19  0.12
0.19  0.21
0.19  0.13
0.19  0.27
0.20  0.36
0.19  0.15
0.18  0.19
0.17  0.16
0.17  0.26
0.17  0.10
0.18  0.25
0.18  0.20
0.16  0.17
0.16  0.09
0.16  0.13
0.16  0.16
0.16  0.21
0.16  0.17
0.15  0.15
0.16  0.09
0.18  0.10
0.16  0.15
0.15  0.10
0.15  0.18
0.16  0.21
0.16  0.16
0.17  0.18
0.18  0.23
0.18  0.10
0.19  0.14
0.20  0.14
0.22  0.17
0.23  0.15
0.23  0.14
0.23  0.34
0.24  0.20
0.25  0.25
0.29  0.31
0.30  0.21
0.31  0.41
0.33  0.38
0.34  0.42
0.35  0.36
0.35  0.36
0.36  0.41
0.38  0.27
0.40  0.44
0.43  0.45
0.47  0.30
0.47  0.63
0.49  0.40
0.53  0.58
0.56  0.62
0.61  0.60
0.65  0.61
0.71  0.71
0.67  0.64
0.73  0.78
0.80  0.77
0.84  0.85
0.95  1.08
0.97  1.07
1.02  1.05
1.21  1.38
1.46  1.71
1.47  1.61
1.48  1.50
1.53  1.43
1.56  1.83
1.62  1.72
1.66  1.88
1.69  1.74
1.62  1.85
1.50  1.72
1.49  1.41
1.91  2.16
1.69  1.51
1.66  1.32
1.86  1.62
1.59  1.50
1.71  0.23
1.69  0.71
1.74  1.30
1.73  1.67
1.88  1.58
1.71  1.79
1.61  1.82
1.62  1.45
1.53  1.46
1.54  1.48
1.28  1.75
1.18  1.32
1.35  1.70
1.39  1.31
1.32  1.63
1.47  1.43
1.79  1.40
2.12  1.88
2.09  1.65
1.98  1.52
1.47  0.96
1.32  0.73
1.30  1.58
1.35  1.66
1.54  1.33
1.71  1.46
1.65  1.66
1.44  1.31
1.41  1.47
1.22  1.52
1.15  1.57
1.33  1.59
1.29  1.48
1.33  1.74
1.36  1.27
1.10  1.33
1.32  1.63
1.40  1.59
1.37  2.36
1.49  1.70
1.68  1.96
1.30  1.98
1.23  1.59
1.23  1.60
1.40  1.83
1.55  1.63
1.34  1.45
1.61  1.67
1.48  1.65
RMSE = 0.026614168072524206R-Square=0.9421718309023227