predicted vs actual output
31.17  28.35
31.17  28.34
31.17  28.66
31.17  28.37
31.17  28.26
31.17  28.27
31.17  28.25
31.17  28.36
31.17  28.46
31.17  28.46
31.17  28.48
31.17  29.12
31.17  30.20
31.17  30.11
31.17  30.19
31.17  30.35
31.17  29.91
31.17  29.97
31.17  30.11
31.17  30.20
31.17  30.03
31.17  30.26
31.17  30.45
31.17  30.84
31.17  31.01
31.17  30.56
31.17  30.92
31.17  29.85
31.17  30.34
31.17  30.34
31.17  30.65
31.17  31.44
31.17  32.00
31.17  31.88
31.17  31.82
31.17  32.06
31.17  32.50
33.02  32.82
33.02  32.90
33.02  32.88
33.02  32.59
33.02  32.38
33.02  32.54
33.02  32.10
33.02  32.11
33.02  31.82
33.02  30.99
33.02  30.80
33.02  30.94
33.02  30.50
33.02  30.54
31.17  30.41
31.17  30.81
31.17  30.91
31.17  29.77
31.17  30.24
31.17  30.33
31.17  31.00
31.17  31.09
31.17  30.47
31.17  30.90
31.17  30.08
31.17  30.60
31.17  30.77
31.17  31.37
31.17  31.21
31.17  31.34
31.17  31.59
31.17  30.77
31.17  31.13
31.17  31.01
31.17  31.09
33.02  31.48
31.17  31.50
31.17  31.40
31.17  31.52
31.17  32.19
31.17  32.90
33.02  32.45
33.02  30.97
33.02  30.98
33.02  31.39
33.02  31.55
33.02  31.48
33.02  32.57
31.17  32.53
31.17  32.24
31.17  31.92
33.02  31.78
33.02  32.14
33.02  32.58
33.02  32.28
33.02  31.73
33.02  31.50
33.02  31.26
33.02  30.35
33.02  30.80
33.02  31.46
33.02  31.39
33.02  30.78
31.17  30.86
31.17  31.25
31.17  31.48
31.17  31.18
31.17  31.04
31.17  31.09
31.17  31.17
33.02  31.27
33.02  31.12
31.17  31.03
31.17  32.12
31.17  32.02
31.17  31.21
31.17  31.30
31.17  31.27
33.02  31.72
33.02  31.63
33.02  31.46
33.02  31.26
33.02  31.20
33.02  31.68
33.02  31.87
33.02  31.91
33.02  32.51
33.02  32.48
33.02  32.74
33.02  32.74
33.02  32.84
33.02  33.16
33.02  33.31
33.02  33.51
33.02  33.21
33.02  33.09
33.02  33.17
33.02  33.23
33.02  33.05
33.02  33.23
33.02  33.12
33.02  33.12
33.02  33.36
33.02  33.18
33.02  33.36
33.02  33.17
33.02  33.17
33.02  32.94
33.02  33.16
33.02  33.27
33.02  33.50
33.02  33.76
33.02  33.73
33.02  34.08
33.02  34.27
33.02  34.13
33.02  33.98
33.02  34.33
33.02  34.39
33.02  34.08
33.02  34.11
33.02  34.34
36.72  34.48
36.72  34.46
36.72  33.89
36.72  33.70
36.72  34.19
36.72  34.03
36.72  34.11
36.72  33.93
33.02  34.35
33.02  34.49
33.02  34.81
33.02  34.79
33.02  34.76
36.72  34.91
36.72  35.10
36.72  34.96
36.72  35.40
36.72  36.73
36.72  36.93
36.72  37.09
36.72  37.51
36.72  37.79
36.72  37.09
36.72  36.90
36.72  36.41
36.72  36.86
36.72  36.56
36.72  36.33
36.72  36.43
36.72  37.01
36.72  36.84
36.72  36.71
36.72  36.46
36.72  36.68
36.72  36.54
36.72  35.80
36.72  35.99
36.72  34.22
36.72  32.66
36.72  35.07
36.72  35.05
36.72  37.06
36.72  36.34
33.02  35.19
33.02  33.67
36.72  33.34
36.72  31.63
36.72  28.36
36.72  30.74
33.02  27.30
33.02  30.41
33.02  29.30
31.17  28.16
31.17  25.76
31.17  23.31
31.17  26.56
31.17  27.83
31.17  30.02
31.17  29.69
31.17  31.82
31.17  30.38
31.17  29.53
31.17  30.07
31.17  30.47
31.17  32.51
31.17  32.30
31.17  33.32
31.17  34.53
31.17  33.05
33.02  34.42
33.02  33.92
33.02  34.66
33.02  35.60
33.02  35.13
33.02  33.69
33.02  33.48
33.02  33.23
36.72  33.80
36.72  35.72
36.72  35.59
33.02  35.71
33.02  35.09
33.02  34.12
36.72  33.96
36.72  34.82
36.72  33.80
36.72  34.34
36.72  34.43
33.02  34.96
36.72  34.72
36.72  34.84
36.72  35.03
36.72  35.86
36.72  36.78
36.72  36.04
36.72  36.71
36.72  36.48
36.72  36.91
36.72  37.21
36.72  36.86
36.72  37.24
36.72  37.91
36.72  38.04
36.72  38.16
36.72  38.19
36.72  37.74
36.72  38.37
36.72  38.81
36.72  38.43
36.72  38.40
36.72  36.39
36.72  37.00
41.35  37.71
41.35  38.08
41.35  37.96
36.72  38.33
36.72  38.18
36.72  38.46
36.72  38.11
36.72  37.04
36.72  38.14
41.35  37.21
41.35  37.77
41.35  38.39
36.72  38.80
36.72  38.58
36.72  38.90
36.72  38.71
36.72  39.10
41.35  38.81
41.35  39.48
41.35  39.52
41.35  40.10
41.35  40.75
41.35  40.82
41.35  41.27
41.35  42.19
41.35  42.09
41.35  43.09
41.35  42.22
41.35  41.95
41.35  41.94
41.35  41.17
41.35  42.09
41.35  41.74
41.35  42.19
41.35  41.88
41.35  41.67
41.35  41.89
41.35  41.99
41.35  42.69
41.35  42.26
41.35  41.92
41.35  41.90
41.35  41.86
41.35  41.53
41.35  41.87
41.35  41.79
41.35  41.73
41.35  41.92
41.35  41.74
41.35  42.28
41.35  41.80
41.35  42.59
41.35  42.36
41.35  42.36
41.35  43.19
41.35  43.32
41.35  44.11
41.35  42.82
41.35  41.86
45.97  40.63
45.97  41.51
45.97  40.29
45.97  40.54
41.35  40.96
41.35  41.33
41.35  41.06
41.35  40.14
41.35  39.49
41.35  39.36
41.35  39.77
41.35  38.62
41.35  39.12
41.35  40.00
41.35  40.44
41.35  39.15
41.35  39.58
41.35  39.97
41.35  39.84
41.35  40.27
41.35  39.85
41.35  39.66
41.35  40.19
41.35  40.34
41.35  40.76
41.35  40.76
41.35  41.17
41.35  41.42
41.35  41.56
41.35  41.12
41.35  41.60
41.35  42.69
41.35  41.96
41.35  41.64
41.35  41.08
41.35  40.35
41.35  39.26
41.35  39.35
41.35  39.02
41.35  39.73
41.35  40.29
41.35  41.70
41.35  42.96
41.35  42.96
41.35  41.83
41.35  41.00
41.35  41.86
41.35  40.91
41.35  40.58
41.35  40.49
41.35  40.10
41.35  39.58
41.35  40.24
41.35  40.74
41.35  40.64
41.35  41.05
41.35  41.07
41.35  41.00
41.35  41.28
41.35  41.90
41.35  41.72
41.35  40.44
41.35  40.57
41.35  41.62
41.35  41.65
41.35  40.83
41.35  40.47
41.35  40.69
41.35  40.16
41.35  41.21
41.35  41.15
41.35  41.60
41.35  41.63
41.35  41.46
41.35  42.06
41.35  41.42
41.35  41.64
41.35  41.72
41.35  41.81
41.35  42.13
41.35  42.97
41.35  42.74
41.35  42.73
41.35  43.84
41.35  44.29
41.35  44.94
45.97  45.62
45.97  45.95
45.97  46.13
45.97  46.01
45.97  45.34
45.97  46.06
45.97  46.51
45.97  45.78
45.97  45.46
45.97  46.07
45.97  45.69
45.97  45.71
45.97  45.01
45.97  43.79
45.97  44.88
45.97  46.17
45.97  46.02
45.97  46.48
45.97  46.16
45.97  46.12
45.97  46.34
45.97  46.13
45.97  46.09
45.97  45.97
45.97  46.62
45.97  46.84
45.97  46.91
45.97  46.76
45.97  45.85
45.97  45.44
45.97  45.97
45.97  45.43
45.97  44.77
45.97  45.93
45.97  45.53
45.97  44.26
45.97  44.68
45.97  46.85
45.97  46.94
45.97  47.48
45.97  46.80
45.97  46.81
45.97  46.92
45.97  47.43
45.97  47.26
45.97  46.79
45.97  47.08
45.97  47.34
45.97  47.79
45.97  47.94
45.97  47.86
45.97  47.61
45.97  48.96
45.97  49.00
45.97  47.90
45.97  47.90
45.97  49.00
52.44  49.41
52.44  49.59
52.44  48.98
52.44  49.87
52.44  50.71
52.44  50.71
52.44  51.30
52.44  51.14
52.44  51.99
52.44  52.03
52.44  51.53
52.44  51.87
52.44  51.76
52.44  51.89
52.44  52.78
52.44  51.99
52.44  52.24
52.44  51.86
52.44  52.59
52.44  52.48
52.44  52.79
52.44  53.13
52.44  53.13
52.44  53.14
52.44  53.46
52.44  53.12
52.44  51.89
52.44  51.44
52.44  52.27
52.44  53.39
52.44  53.19
52.44  52.61
52.44  52.28
52.44  53.10
52.44  53.23
52.44  53.57
52.44  53.38
52.44  53.75
52.44  53.92
52.44  54.40
52.44  53.42
52.44  54.20
57.07  54.59
57.07  55.30
57.07  54.87
57.07  54.89
57.07  54.94
57.07  54.87
57.07  56.36
57.07  57.08
57.07  57.45
57.07  57.80
57.07  58.59
57.07  57.29
57.07  58.26
58.92  58.24
58.92  58.00
58.92  57.94
58.92  58.03
58.92  57.72
58.92  57.63
58.92  57.29
58.92  57.37
58.92  57.97
58.92  57.47
58.92  57.41
58.92  56.73
58.92  57.28
58.92  58.55
58.92  58.36
58.92  58.04
57.07  58.22
58.92  58.19
58.92  57.73
58.92  58.95
58.92  60.71
58.92  60.40
58.92  61.19
58.92  60.81
58.92  60.52
61.69  60.46
61.69  60.84
61.69  60.85
61.69  61.41
61.69  61.49
61.69  61.71
61.69  61.49
61.69  61.50
61.69  61.49
61.69  61.55
61.69  61.70
61.69  61.95
61.69  62.24
61.69  62.63
61.69  61.92
61.69  60.91
61.69  61.27
61.69  61.49
61.69  62.10
61.69  62.20
61.69  62.45
61.69  62.30
61.69  63.05
61.69  63.26
61.69  63.80
61.69  64.51
61.69  64.50
61.69  64.70
61.69  64.03
61.69  64.67
61.69  64.68
61.69  64.06
68.16  63.50
61.69  63.90
61.69  64.00
68.16  63.86
61.69  63.04
61.69  62.41
61.69  62.71
61.69  63.56
61.69  63.91
61.69  64.30
61.69  63.98
61.69  62.40
61.69  63.39
61.69  63.08
61.69  63.31
61.69  61.75
61.69  63.81
61.69  63.61
61.69  64.67
61.69  64.51
61.69  64.60
61.69  64.53
61.69  64.51
68.16  65.57
68.16  66.34
68.16  66.50
68.16  68.25
68.16  65.08
68.16  64.98
68.16  65.92
68.16  65.85
68.16  65.84
68.16  66.14
68.16  67.65
68.16  68.58
68.16  68.59
68.16  69.02
68.16  68.45
68.16  69.37
68.16  69.55
68.16  69.18
68.16  68.89
68.16  67.77
68.16  67.38
68.16  68.11
68.16  68.54
68.16  69.27
68.16  68.60
68.16  68.20
68.16  67.90
68.16  67.87
68.16  67.94
68.16  68.17
68.16  66.56
68.16  68.32
68.16  66.41
68.16  65.04
68.16  65.94
68.16  65.57
68.16  64.87
68.16  67.35
68.16  67.96
68.16  66.89
68.16  67.43
68.16  67.33
68.16  65.45
68.16  66.20
68.16  66.73
68.16  65.89
68.16  65.04
68.16  66.27
68.16  66.91
68.16  67.31
68.16  68.48
68.16  68.72
68.16  68.80
68.16  68.52
68.16  68.81
68.16  66.34
68.16  64.68
68.16  63.90
68.16  64.05
68.16  63.41
68.16  61.97
68.16  63.10
61.69  63.32
61.69  61.35
61.69  60.99
61.69  60.22
61.69  59.34
61.69  58.97
61.69  57.97
61.69  57.78
61.69  57.34
61.69  55.54
58.92  56.46
58.92  57.23
57.07  58.72
57.07  59.02
57.07  59.76
57.07  58.34
57.07  58.53
58.92  58.52
58.92  58.28
61.69  58.87
58.92  58.06
58.92  56.48
58.92  56.34
58.92  57.36
58.92  57.23
58.92  56.32
58.92  56.21
57.07  55.37
58.92  55.11
58.92  55.77
57.07  56.60
57.07  56.08
57.07  55.70
57.07  56.38
57.07  56.52
57.07  56.21
57.07  55.17
57.07  54.07
57.07  55.27
57.07  54.73
57.07  54.20
57.07  54.76
57.07  55.75
57.07  56.97
57.07  57.89
57.07  58.92
57.07  58.39
57.07  58.35
57.07  57.24
58.92  57.41
58.92  57.62
58.92  58.36
58.92  59.60
58.92  59.79
58.92  58.58
58.92  59.80
58.92  59.95
61.69  59.84
61.69  60.35
58.92  60.16
61.69  60.29
61.69  59.94
61.69  59.19
61.69  59.63
61.69  58.69
61.69  58.62
61.69  59.51
61.69  56.81
61.69  55.70
58.92  54.85
58.92  54.78
61.69  53.14
58.92  52.61
57.07  53.43
57.07  51.73
57.07  51.51
52.44  51.89
52.44  52.63
52.44  50.92
52.44  50.06
52.44  48.05
52.44  47.92
52.44  47.08
52.44  47.44
52.44  48.48
52.44  48.04
52.44  48.91
45.97  46.71
45.97  47.03
52.44  48.04
52.44  48.56
52.44  48.20
45.97  48.49
45.97  49.61
45.97  51.16
52.44  51.04
52.44  50.05
52.44  50.89
52.44  50.65
52.44  50.66
52.44  50.87
52.44  50.59
52.44  50.41
52.44  49.56
52.44  48.47
52.44  48.14
52.44  49.48
52.44  49.02
52.44  49.12
52.44  50.37
52.44  50.69
52.44  52.23
52.44  52.56
52.44  52.12
52.44  51.04
52.44  50.51
52.44  50.34
52.44  51.35
52.44  51.97
52.44  51.74
52.44  51.71
52.44  51.67
52.44  52.02
52.44  51.08
52.44  50.93
52.44  50.66
52.44  51.83
52.44  51.08
52.44  52.58
52.44  55.79
52.44  57.42
52.44  56.96
52.44  56.76
52.44  57.10
57.07  57.42
57.07  59.21
57.07  59.70
57.07  59.03
57.07  58.97
57.07  59.46
58.92  60.32
58.92  60.09
58.92  60.34
58.92  60.45
58.92  61.58
61.69  61.57
61.69  62.84
61.69  63.35
61.69  63.23
61.69  63.95
61.69  63.40
61.69  61.75
61.69  61.33
61.69  60.83
61.69  61.45
61.69  61.77
61.69  60.09
61.69  59.11
61.69  59.01
61.69  58.94
61.69  59.39
61.69  59.09
58.92  60.02
58.92  61.80
58.92  62.46
58.92  62.63
61.69  63.47
61.69  61.23
61.69  61.41
61.69  60.70
61.69  60.60
61.69  60.32
61.69  58.80
61.69  58.17
61.69  57.01
61.69  56.54
61.69  56.19
58.92  56.57
58.92  57.93
58.92  56.72
57.07  56.30
57.07  57.94
57.07  59.49
58.92  59.32
58.92  59.11
57.07  57.27
58.92  57.31
61.69  57.71
58.92  57.19
58.92  58.15
58.92  54.38
58.92  56.37
58.92  56.82
58.92  55.62
58.92  56.46
57.07  57.35
57.07  58.37
58.92  60.14
57.07  59.62
57.07  60.24
58.92  61.86
58.92  61.82
61.69  61.93
61.69  60.31
61.69  61.15
61.69  61.48
61.69  61.99
61.69  64.13
61.69  63.18
61.69  65.76
61.69  65.95
61.69  65.59
61.69  64.35
61.69  64.92
68.16  64.42
68.16  65.08
68.16  65.51
68.16  66.07
68.16  66.68
61.69  66.70
68.16  65.82
68.16  65.65
68.16  68.00
68.16  68.23
68.16  68.71
68.16  67.60
68.16  66.75
68.16  64.59
68.16  63.94
68.16  62.96
68.16  64.43
68.16  64.74
68.16  63.34
61.69  61.50
61.69  60.39
61.69  60.23
68.16  59.89
61.69  61.27
61.69  60.82
61.69  61.04
61.69  60.75
61.69  60.47
61.69  61.63
61.69  61.11
61.69  61.52
61.69  61.41
61.69  60.01
61.69  61.41
61.69  62.37
61.69  62.30
61.69  62.78
61.69  62.75
61.69  63.11
61.69  63.13
61.69  62.56
61.69  60.76
61.69  61.82
61.69  62.08
61.69  61.68
61.69  58.08
61.69  59.88
61.69  60.27
61.69  59.42
61.69  59.96
58.92  59.27
58.92  60.34
61.69  60.32
61.69  59.07
61.69  59.72
61.69  59.41
61.69  58.75
61.69  59.39
61.69  59.36
61.69  58.39
61.69  58.93
58.92  58.21
58.92  58.33
61.69  56.56
58.92  56.88
58.92  56.98
58.92  56.83
58.92  56.13
58.92  55.84
57.07  55.34
58.92  55.78
57.07  56.00
57.07  55.85
57.07  54.80
57.07  54.92
57.07  54.11
57.07  52.40
57.07  51.77
57.07  52.56
57.07  51.71
57.07  53.11
52.44  52.75
52.44  52.92
52.44  54.01
52.44  52.94
52.44  52.49
52.44  53.07
52.44  53.25
57.07  52.94
52.44  54.09
52.44  54.03
52.44  54.67
52.44  54.40
52.44  54.70
57.07  54.56
57.07  54.90
57.07  54.38
57.07  54.35
57.07  54.89
57.07  55.56
57.07  55.16
57.07  55.77
57.07  55.61
57.07  57.36
57.07  56.49
RMSE = 4.111555035601024R-Square=0.9723291756982767