predicted vs actual output
2.06  2.06
2.06  1.99
2.06  1.91
1.71  1.79
2.06  2.21
2.06  1.98
1.71  1.89
2.06  1.75
2.06  2.31
2.06  2.06
2.06  2.27
1.71  1.82
1.71  1.82
1.71  1.75
1.59  1.83
1.59  1.42
1.59  1.78
1.71  1.77
1.59  1.54
1.59  1.59
1.71  1.64
1.71  1.73
1.71  1.82
1.71  1.69
1.71  1.80
1.71  1.62
1.71  1.88
1.71  1.86
1.71  1.51
1.59  1.37
1.71  1.70
1.71  1.71
1.59  1.53
1.71  1.84
1.05  0.56
1.59  1.54
1.59  1.27
1.59  1.36
1.59  1.30
1.59  1.22
1.59  1.18
1.59  1.43
1.59  1.34
1.59  1.28
1.59  1.28
1.59  1.20
1.59  1.05
1.05  1.11
1.05  1.30
1.05  1.07
1.59  1.21
1.05  1.10
1.05  1.12
1.05  0.88
1.05  0.87
1.05  1.07
1.05  0.98
1.05  0.73
1.05  0.99
1.05  0.86
1.05  0.78
1.05  1.03
1.05  0.93
1.05  1.11
1.05  0.80
1.05  0.92
1.05  1.14
1.05  1.22
1.05  0.96
1.05  1.02
1.05  0.78
1.05  0.98
1.05  0.85
1.05  0.62
1.05  0.71
1.05  0.81
1.05  0.61
1.05  0.71
1.05  0.84
1.05  0.64
0.16  0.51
0.16  0.48
0.16  0.64
0.16  0.54
0.16  0.63
0.16  0.52
0.16  0.44
0.16  0.48
0.16  0.28
0.16  0.36
0.16  0.37
0.16  0.45
0.16  0.38
0.16  0.28
0.16  0.31
0.16  0.32
0.16  0.31
0.16  0.28
0.16  0.38
0.16  0.34
0.16  0.14
0.16  0.18
0.16  0.45
0.16  0.19
0.16  0.22
0.16  0.21
0.16  0.23
0.16  0.18
0.16  0.17
0.16  0.21
0.16  0.26
0.16  0.22
0.16  0.15
0.16  0.17
0.16  0.24
0.16  0.15
0.16  0.14
0.16  0.12
0.16  0.18
0.16  0.14
0.16  0.23
0.16  0.20
0.16  0.13
0.16  0.11
0.16  0.16
0.16  0.14
0.16  0.17
0.16  0.09
0.16  0.10
0.16  0.11
0.16  0.11
0.16  0.08
0.16  0.16
0.16  0.14
0.16  0.15
0.16  0.13
0.16  0.10
0.16  0.12
0.16  0.11
0.16  0.19
0.16  0.11
0.16  0.15
0.16  0.15
0.16  0.12
0.16  0.19
0.16  0.16
0.16  0.21
0.16  0.08
0.16  0.22
0.16  0.29
0.16  0.26
0.16  0.22
0.16  0.22
0.16  0.30
0.16  0.19
0.16  0.34
0.16  0.21
0.16  0.35
0.16  0.40
0.16  0.31
0.16  0.32
0.16  0.42
0.16  0.42
0.16  0.41
0.16  0.43
0.16  0.49
0.16  0.43
1.05  0.60
1.05  0.46
0.16  0.38
1.05  0.61
1.05  0.48
1.05  0.68
1.05  0.62
1.05  0.85
1.05  0.84
1.05  1.03
1.59  1.18
1.05  1.41
1.59  1.30
1.59  1.44
1.71  1.87
1.71  1.91
1.71  1.76
1.71  1.79
2.06  2.05
2.06  2.19
2.06  2.51
2.06  2.13
2.06  2.38
2.06  2.16
2.06  2.00
2.06  2.23
2.06  1.85
2.06  2.60
2.06  3.04
2.06  2.00
2.06  2.18
1.71  1.87
1.59  1.49
1.59  1.52
1.05  1.13
1.59  1.34
1.71  1.65
1.71  1.72
1.59  1.58
1.71  1.68
1.59  1.49
1.59  1.60
1.71  1.64
1.59  1.66
1.71  1.81
1.59  1.61
1.59  1.79
1.59  1.51
1.71  1.69
1.71  1.68
1.71  2.00
1.59  1.53
1.71  1.69
1.59  1.56
1.71  1.94
1.71  1.69
1.71  1.88
1.59  1.50
1.59  1.75
1.71  1.96
1.71  1.79
1.59  1.22
1.71  1.69
1.59  1.41
1.59  1.38
1.59  1.32
1.59  1.17
1.59  1.38
1.59  1.61
1.59  1.16
1.59  1.37
1.59  1.37
1.59  1.61
1.59  1.58
1.59  1.57
1.59  1.47
1.71  1.82
1.71  1.12
1.71  1.92
1.71  1.41
1.59  1.29
1.59  1.46
1.59  1.30
1.59  1.29
1.71  1.78
1.59  1.30
1.59  1.28
1.59  1.44
1.59  1.57
1.71  1.75
1.71  1.66
1.71  1.69
1.59  1.57
1.71  1.73
1.71  1.75
1.71  1.69
1.71  1.81
2.06  2.10
2.06  2.06
1.59  1.59
2.06  2.25
2.06  2.65
1.71  1.91
1.71  1.81
1.71  1.79
1.71  1.69
1.71  1.72
1.59  1.59
1.71  1.88
1.71  2.10
1.71  1.71
1.71  1.67
2.06  2.08
1.71  1.87
1.71  1.75
1.59  1.58
2.06  2.08
1.71  1.70
1.71  1.69
1.71  2.31
2.06  1.98
2.06  2.03
2.06  2.11
1.59  1.86
1.71  1.93
2.06  2.02
1.71  1.96
2.06  1.98
2.06  2.27
1.71  2.30
2.06  2.03
2.06  2.14
1.71  1.91
1.71  1.91
1.71  1.94
1.71  1.72
1.59  1.55
1.71  1.94
2.06  1.99
1.59  1.35
1.71  1.74
1.71  1.68
1.59  1.56
1.71  1.89
2.06  2.05
1.59  1.45
1.59  1.77
1.71  1.71
1.71  1.81
1.59  1.48
1.59  1.61
1.59  1.58
1.59  1.36
1.59  1.59
1.59  1.80
1.59  1.55
1.59  1.60
1.59  1.61
1.71  1.96
1.59  1.51
1.59  1.38
1.59  1.39
1.05  1.14
1.59  1.41
1.59  1.32
1.59  1.41
1.59  1.36
1.59  1.36
1.59  1.16
1.59  1.30
1.05  1.03
1.05  1.05
1.59  1.25
1.05  0.93
1.05  1.09
1.05  0.96
1.05  1.13
1.05  0.97
1.05  0.97
1.05  0.73
1.05  0.81
1.05  0.84
1.05  1.07
1.05  1.08
1.05  0.91
1.05  1.00
1.05  0.88
1.05  1.13
1.05  1.02
1.05  0.98
1.05  0.77
1.05  1.10
1.05  0.84
1.59  1.23
1.05  0.84
1.05  0.89
1.05  0.72
1.05  0.77
0.16  0.53
1.05  0.62
1.05  0.74
1.05  0.26
1.05  0.63
0.16  0.54
0.16  0.49
0.16  0.47
0.16  0.42
0.16  0.42
0.16  0.44
0.16  0.43
0.16  0.40
0.16  0.48
0.16  0.45
0.16  0.40
0.16  0.33
0.16  0.32
0.16  0.42
0.16  0.33
0.16  0.26
0.16  0.32
0.16  0.32
0.16  0.22
0.16  0.36
0.16  0.31
0.16  0.21
0.16  0.25
0.16  0.20
0.16  0.31
0.16  0.18
0.16  0.27
0.16  0.18
0.16  0.25
0.16  0.23
0.16  0.27
0.16  0.19
0.16  0.21
0.16  0.08
0.16  0.17
0.16  0.26
0.16  0.12
0.16  0.21
0.16  0.13
0.16  0.27
0.16  0.36
0.16  0.15
0.16  0.19
0.16  0.16
0.16  0.26
0.16  0.10
0.16  0.25
0.16  0.20
0.16  0.17
0.16  0.09
0.16  0.13
0.16  0.16
0.16  0.21
0.16  0.17
0.16  0.15
0.16  0.09
0.16  0.10
0.16  0.15
0.16  0.10
0.16  0.18
0.16  0.21
0.16  0.16
0.16  0.18
0.16  0.23
0.16  0.10
0.16  0.14
0.16  0.14
0.16  0.17
0.16  0.15
0.16  0.14
0.16  0.34
0.16  0.20
0.16  0.25
0.16  0.31
0.16  0.21
0.16  0.41
0.16  0.38
0.16  0.42
0.16  0.36
0.16  0.36
0.16  0.41
0.16  0.27
1.05  0.44
0.16  0.45
0.16  0.30
1.05  0.63
0.16  0.40
1.05  0.58
1.05  0.62
1.05  0.60
1.05  0.61
1.05  0.71
1.05  0.64
1.05  0.78
1.05  0.77
1.05  0.85
1.05  1.08
1.05  1.07
1.05  1.05
1.59  1.38
1.71  1.71
1.59  1.61
1.59  1.50
1.59  1.43
1.71  1.83
1.71  1.72
1.71  1.88
1.71  1.74
1.71  1.85
1.71  1.72
1.59  1.41
2.06  2.16
1.59  1.51
1.59  1.32
1.71  1.62
1.59  1.50
0.16  0.23
1.05  0.71
1.59  1.30
1.71  1.67
1.59  1.58
1.71  1.79
1.71  1.82
1.59  1.45
1.59  1.46
1.59  1.48
1.71  1.75
1.59  1.32
1.59  1.70
1.59  1.31
1.59  1.63
1.59  1.43
1.59  1.40
1.71  1.88
1.71  1.65
1.59  1.52
1.59  0.96
1.05  0.73
1.59  1.58
1.71  1.66
1.59  1.33
1.59  1.46
1.71  1.66
1.59  1.31
1.59  1.47
1.59  1.52
1.59  1.57
1.59  1.59
1.59  1.48
1.71  1.74
1.59  1.27
1.59  1.33
1.71  1.63
1.59  1.59
1.59  2.36
1.71  1.70
1.71  1.96
2.06  1.98
1.71  1.59
1.59  1.60
1.71  1.83
1.71  1.63
1.59  1.45
1.71  1.67
1.71  1.65
1.71  1.75
1.59  1.57
1.71  1.83
1.71  1.64
1.71  1.87
RMSE = 0.04307815178166668R-Square=0.907742657326075